15
960
975
4080
7128
197571
198051
199920
202968
214087
214242
218560
245955
249024
1582140
1582860
1632000
1827840
3982080
18472968
19710240
4095
16380
199935
200691
203739
204253
212220
218575
220410
249039
249075
252123
253393
261324
987120
990168
996181
996300
996780
1009254
1012302
1012338
1044495
1044531
1045440
1582911
1583100
1599102
1603386
1632015
1638168
1779541
1779660
1781306
1781340
1785624
1795662
1795698
1798746
1799226
1799260
1799946
1800016
1827855
1827925
1828611
1828800
1830410
1830480
1834008
3982095
3982165
3985164
3985200
3988248
4181760
18440826
18442096
18445144
18473019
18473208
18473809
18473928
18477337
19710255
19710325
19710444
19712124
19712880
19716408
19722540
19906851
19906885
19907040
19908720
19912968
19919136
20824488
20826168
20826888
24021360
24027492
25817481
25819161
27838712
27839313
28043840
54313020
56272140
56272176
212991
261375
987135
996351
999420
1013623
1013742
1045455
1045491
1048560
1632255
1779711
1800031
1800186
1822683
1828095
1828815
1830495
1830650
1834779
1834968
3982335
3985215
3997500
4144956
4153146
4181775
4181811
4181845
4182000
4184859
4185048
4185373
4185528
4193340
4194060
8305980
18442111
18473979
18477048
19712895
19725180
19872636
19877742
19880826
19881340
19907055
19908735
19909491
19909610
19910124
19913019
19913053
19913208
19919151
19919221
19919340
19921020
19921776
20818749
20824573
20826939
20826973
20827128
20827453
20834940
20836140
24021375
24030062
24033660
24047982
25135419
25135608
25143420
25144106
25144140
25144620
25820121
27831293
27839483
27839997
27847295
27848565
28036043
28036523
28036593
28039641
28043855
28044010
28044335
28044405
28044524
28045125
28045280
28048653
28048808
28167153
28170681
28174895
28174965
28175084
28176165
28178493
28179213
28179249
28179368
32173166
32173922
32177450
32177484
32504640
54313791
54313980
54509631
54509820
54510421
54510540
54511020
56272191
56272380
56274746
56274780
56280570
56288382
56289102
56289138
56292186
56292666
56292700
56602380
56602416
56605464
56615502
56615538
56615982
56616052
56619066
56619100
56619856
56620336
58638462
58639182
58639662
58639732
62979135
63175695
63175765
63175884
63176451
63176640
63306291
63306410
63306480
63306805
63960480
63962160
64545855
64546044
64546575
64546645
64548410
64743171
64743360
64745040
64748568
64876080
64879128
110163615
111146640
112374431
112375701
112383135
112391703
112391892
112513695
112713360
112719492
116848134
129036831
129358488
129823260
133362702
267448335
395227860
396011220
467199015
