63
111
126
287
303
317
318
363
366
399
407
411
414
427
429
430
444
489
490
828
854
857
858
873
874
876
963
965
966
980
984
1635
1638
1641
1650
1656
1683
1686
1713
1714
1716
1776
1968
2016
5736
5763
5766
5769
5784
6017
65815
65819
65822
65835
65837
65838
65852
65897
65898
65927
65931
65934
65942
65945
65946
65961
65962
65964
66024
66108
66119
66123
66126
66133
66134
66137
66138
66140
66153
66154
66156
66243
66245
66246
66252
66260
66264
66392
66408
66435
66437
66438
66441
66442
66444
66452
66456
66472
66497
66498
66500
66504
67169
67170
67176
67203
67206
67209
67217
67218
67224
67233
67234
67236
67240
67248
67296
67457
67458
67464
67472
67488
67731
67734
67737
67761
67762
67764
67824
67985
67986
67992
68001
68002
68004
68008
68016
68064
68257
68258
68260
68264
68272
68289
68290
68296
68304
68320
71297
71298
71304
71552
71811
71814
71817
71818
71825
71826
71832
71841
71842
71844
71848
71856
71904
72080
72096
72352
72384
75907
75909
75910
75913
75914
75916
75924
75928
75944
75969
75970
75972
75976
76224
76480
76992
92289
92290
92296
98319
98327
98331
98334
98347
98349
98350
98364
98409
98439
98443
98457
98582
98585
98586
98601
98602
98604
98664
98691
98694
98697
98698
98712
98728
98857
98858
98860
98883
98886
98889
98890
98900
98904
98920
98947
98949
98950
98953
98954
98956
98964
98968
98984
99009
99010
99012
99016
99201
99202
99204
99208
99264
99936
99969
99970
99976
99984
100000
100224
100483
100486
100489
100490
100497
100498
100504
100513
100514
100516
100520
100528
100576
100752
100768
101024
101056
104064
104577
104578
104584
104592
104608
108673
108674
108676
108680
108736
125056
197568
197984
198032
198048
198240
198288
198336
201794
201800
201857
201858
201860
201864
201920
202112
202368
202944
213272
213288
213314
213320
213377
213378
213380
213384
213440
213544
213569
213570
213572
213576
213633
213634
213636
213640
213696
213824
213888
214082
214112
214176
214400
214656
215169
215170
215172
215176
215184
215200
215232
218240
219264
223360
245763
245765
245766
245772
245780
245784
245825
245826
246080
246144
246848
246912
394848
394896
397864
397889
397890
397896
397953
397954
397956
397960
398016
398208
398976
399489
399490
399496
399504
399520
401688
401729
401730
401732
401736
401760
401856
402240
402497
402498
402500
402512
402528
402576
405888
406080
406144
406592
406656
407680
417795
417798
417801
417809
417810
417816
417826
417828
418064
418080
418176
418336
418368
421889
421890
421896
421904
421920
422016
430083
430086
430089
430097
430098
430104
430113
430352
430368
430464
430624
430656
438273
438274
438276
438288
438304
438336
454656
465024
468032
487424
491792
503808
516096
1447968
1448064
1452288
1453056
1468416
1474817
1474818
1474824
1474944
1475328
1476096
1476864
1480704
1540352
1582083
1582085
1582086
1582092
1582100
1582104
1582145
1582146
1582340
1582344
1582352
1582400
1582464
1584129
1584130
1584132
1584136
1584144
1584160
1588224
1598208
1598976
1599744
1663488
1673472
1677312
1680384
18251777
18359360
18359424
18374657
18374658
18374664
18383424
