511
895
991
1021
1663
1727
1783
1787
1911
1915
1918
1975
1981
2023
2027
2035
2038
2041
2042
4081
5743
5758
5791
5807
5821
5822
5867
5870
6031
6039
6043
6046
6059
6061
6062
6076
6121
6122
6383
6631
6635
6638
6643
6646
6649
6650
7126
7129
7141
7148
7907
7910
7913
7921
15559
27031
65919
65983
66031
66046
66175
66271
66301
66367
66399
66415
66429
66430
66463
66479
66493
66494
66511
66519
66523
66525
66526
66539
66541
66542
66556
67183
67191
67195
67198
67231
67247
67255
67259
67261
67262
67303
67307
67310
67315
67318
67321
67322
67446
67449
67450
67471
67479
67483
67486
67495
67499
67501
67502
67507
67509
67510
67513
67514
67516
67555
67558
67561
67562
67569
67570
67576
67775
67831
67835
67999
68015
68023
68027
68029
68030
68071
68075
68078
68083
68086
68089
68090
68271
68279
68283
68285
68286
68303
68311
68315
68317
68318
68327
68331
68333
68334
68339
68341
68342
68345
68346
68348
68531
68533
68534
68537
68538
68540
68563
68566
68569
68570
68579
68581
68582
68585
68586
68588
68593
68594
68596
68600
69347
69350
69353
69354
69361
69362
69368
69616
71275
71278
71311
71319
71323
71326
71339
71341
71342
71356
71401
71402
71559
71563
71566
71574
71577
71578
71593
71594
71596
71656
71839
71855
71863
71867
71869
71870
71911
71915
71918
71923
71926
71929
71930
72087
72091
72094
72103
72107
72109
72110
72115
72117
72118
72121
72122
72124
72163
72166
72169
72170
72177
72178
72184
72359
72363
72365
72366
72371
72373
72374
72377
72378
72380
72391
72395
72398
72403
72405
72406
72409
72410
72412
72419
72421
72422
72425
72426
72428
72433
72434
72436
72440
72625
72626
72628
72632
72657
72658
72664
72673
72674
72676
72680
72688
73441
73442
73448
73456
75935
75951
75965
75966
75983
75991
75995
75997
75998
76011
76013
76014
76028
76183
76187
76189
76190
76203
76205
76206
76220
76231
76235
76237
76238
76245
76246
76249
76250
76252
76265
76266
76268
76459
76461
76462
76476
76487
76491
76493
76494
76501
76502
76505
76506
76508
76521
76522
76524
76739
76741
76742
76745
76746
76748
76756
76760
76776
76999
77003
77005
77006
77011
77013
77014
77017
77018
77020
77027
77029
77030
77033
77034
77036
77041
77042
77044
77048
77265
77266
77268
77272
77281
77282
77284
77288
77296
77537
77538
77540
77544
77552
81091
81093
81094
81097
81098
81100
81108
81112
81128
92303
92311
92315
92318
92331
92333
92334
92348
92393
92394
92566
92569
92570
92585
92586
92588
92648
92841
92842
92844
92867
92870
92873
92874
92884
92888
92904
93920
98431
98495
98623
98671
98686
98719
98735
98749
98750
98795
98798
98879
98911
98927
98941
98942
98975
98991
99005
99006
99023
99031
99035
99037
99038
99051
99053
99054
99068
99133
99134
99159
99163
99166
99179
99181
99182
99196
99215
99223
99227
99229
99230
99243
99245
99246
99260
99271
99275
99277
99278
99285
99286
99289
99290
99292
99305
99306
99308
99943
99947
99950
99955
99958
99961
99962
99983
99991
99995
99998
100007
100011
100013
100014
100019
100021
100022
100025
100026
100028
100067
100070
100073
100074
100081
100082
100088
100216
100231
100235
100238
100243
100246
100249
100250
100259
100261
100262
100265
100266
100268
100273
100274
100276
100280
100321
100322
100328
100336
100511
100527
100535
100539
100541
100542
100583
100587
100590
100595
100598
100601
100602
100759
100763
100766
100775
100779
100781
100782
100787
100789
100790
100793
100794
100796
100835
100838
100841
100842
100849
100850
100856
101031
101035
101037
101038
101043
101045
101046
101049
101050
101052
101063
101067
101070
101075
101077
101078
101081
101082
101084
101091
101093
101094
101097
101098
101100
101105
101106
101108
101112
101297
101298
101300
101304
101329
101330
101336
101345
101346
101348
101352
101360
102113
102114
102120
102128
104041
104042
104071
104075
104078
104086
104089
104090
104105
104106
104108
104168
104323
104326
104329
104330
104344
104360
104591
104599
104603
104606
104615
104619
104621
104622
104627
104629
104630
104633
104634
104636
104675
104678
104681
104682
104689
104690
104696
104851
104854
104857
104858
104867
104869
104870
104873
104874
104876
104881
104882
104884
104888
104929
104930
104936
104944
105123
105125
105126
105129
105130
105132
105137
105138
105140
105144
105155
105158
105161
105162
105169
105170
105172
105176
105185
105186
105188
105192
105200
105392
105424
105440
106208
108687
108695
108699
108701
108702
108715
108717
108718
108732
108743
108747
108749
108750
108757
108758
108761
108762
108764
108777
108778
108780
108949
108950
108953
108954
108956
108969
108970
108972
108995
108997
108998
109001
109002
109004
109012
109016
109032
109225
109226
109228
109251
109253
109254
109257
109258
109260
109268
109272
109288
109505
109506
109508
109512
109763
109765
109766
109769
109770
109772
109777
109778
109780
109784
109793
109794
109796
109800
109808
110032
110048
110304
113857
113858
113860
113864
125063
125067
125070
125078
125081
125082
125097
125098
125100
125160
125336
125352
125608
125633
125634
125640
197437
197463
197467
197469
197470
197483
197485
197486
197500
197575
197581
197589
197590
197593
197596
197991
197995
197998
198003
198006
198009
198010
198039
198043
198046
198055
198061
198067
198069
198070
198073
198074
198076
198115
198118
198121
198122
198129
198130
198136
198247
198251
198253
198254
198259
198261
198262
198265
198266
198268
198295
198301
198323
198325
198326
198329
198330
198332
198343
198347
198355
198357
198358
198361
198362
198364
198371
198373
198374
198377
198378
198380
198385
198386
198388
198392
198513
198514
198516
198520
198577
198580
198595
198597
198598
198601
198602
198604
198609
198610
198612
198616
198625
198626
198628
198632
198640
199921
200145
200146
200148
200152
200161
200164
200176
201807
201815
201819
201821
201822
201835
201837
201838
201852
201871
201879
201883
201885
201886
201899
201901
201902
201916
201927
201931
201933
201934
201941
201942
201945
201946
201948
201961
201962
201964
202070
202073
202074
202076
202089
202090
202092
202119
202123
202125
202126
202133
202134
202137
202138
202140
202153
202154
202156
202179
202181
202182
202185
202186
202188
202196
202200
202216
202345
202346
202348
202375
202379
202381
202382
202389
202390
202393
202394
202396
202409
202410
202412
202435
202437
202438
202441
202442
202444
202452
202456
202472
202627
202629
202630
202633
202634
202636
202644
202648
202664
202689
202690
202692
202696
202951
202955
202957
202958
202965
202966
202969
202972
202981
202988
203203
203205
203206
203209
203210
203212
203217
203218
203220
203224
203233
203234
203236
203240
203248
203713
203716
203720
203971
203973
203974
203977
203978
203980
203985
203986
203988
203992
204001
204002
204004
204008
204016
204240
204256
204512
212161
212164
213279
213295
213309
213310
213327
213335
213339
213341
213342
213355
213357
213358
213372
213391
213399
213403
213405
213406
213419
213421
213422
213436
213447
213451
213453
213454
213461
213462
213465
213466
213468
213481
213482
213484
213551
213565
213566
213583
213591
213595
213597
213598
213611
213613
213614
213628
213647
213655
213659
213661
213662
213675
213677
213678
213692
213703
213707
213709
213710
213717
213718
213721
213722
213724
213737
213738
213740
213820
213831
213835
213837
213838
213845
213846
213849
213850
213852
213865
213866
213868
213895
213899
213901
213902
213909
213910
213913
213914
213916
213929
213930
213932
213955
213957
213958
213961
213962
213964
213972
213976
213992
214095
214107
214119
214123
214125
214126
214131
214133
214134
214137
214138
214140
214183
214187
214189
214190
214195
214198
214201
214202
214243
214250
214355
214358
214361
214362
214364
214371
214373
214374
214377
214378
214380
214385
214386
214388
214392
214407
214411
214413
214414
214419
214421
214422
214425
214426
214428
214435
214437
214438
214441
214442
214444
214449
214450
214452
214456
214467
214469
214470
214473
214474
214476
214481
214482
214484
214488
214497
214498
214500
214504
214512
214627
214629
214630
214633
214634
214636
214641
214642
214644
214648
214663
214667
214669
214670
214675
214677
214678
214681
214682
214684
214691
214693
214694
214697
214698
214700
214705
214706
214708
214712
214723
214725
214726
214729
214730
214732
214737
214738
214740
214744
214753
214754
214756
214760
214768
214896
214915
214917
214918
214921
214922
214924
214929
214930
214932
214936
214945
214946
214948
214952
214960
214977
214978
214980
214984
214992
215008
215183
215191
215195
215197
215198
215207
215211
215213
215214
215219
215221
215222
215225
215226
215228
215239
215243
215245
215246
215251
215253
215254
215257
215258
215260
215267
215269
215270
215273
215274
215276
215281
215282
215284
215288
215443
215445
215446
215449
215450
215452
215459
215461
215462
215465
215466
215468
215473
215474
215476
215480
215491
215493
215494
215497
215498
215500
215505
215506
215508
215512
215521
215522
215524
215528
215536
215715
215717
215718
215721
215722
215724
215729
215730
215732
215736
215747
215749
215750
215753
215754
215756
215761
215762
215764
215768
215777
215778
215780
215784
215792
215984
216001
216002
216004
216008
216016
216032
216259
216261
216262
216265
216266
216268
216273
216274
216276
216280
216289
216290
216292
216296
216304
216528
216544
216800
218183
218187
218189
218190
218198
218201
218202
218204
218217
218218
218220
218247
218251
218253
218254
218261
218262
218265
218266
218268
218281
218282
218284
218307
218309
218310
218313
218314
218316
218324
218328
218344
218456
218472
218499
218501
218502
218505
218506
218508
218516
218520
218536
218561
218562
218564
218568
218728
218755
218757
218758
218761
218762
218764
218772
218776
218792
218817
218818
218820
218824
219009
219010
219012
219016
219072
219271
219275
219277
219278
219283
219285
219286
219289
219290
219292
219299
219301
219302
219305
219306
219308
219313
219314
219316
219320
219331
219333
219334
219337
219338
219340
219345
219346
219348
219352
219361
219362
219364
219368
219376
219537
219538
219540
219544
219553
219554
219556
219560
219568
219585
219586
219588
219592
219600
219616
219809
219810
219812
219816
219824
219841
219842
219844
219848
219856
219872
220096
220353
220354
220356
220360
220368
220384
223367
223371
223373
223374
223381
223382
223385
223386
223388
223401
223402
223404
223427
223429
223430
223433
223434
223436
223444
223448
223464
223636
223640
223656
223681
223682
223684
223688
223912
223937
223938
223940
223944
224192
224449
224450
224452
224456
224464
224480
228544
245791
245821
245839
245847
245851
245853
245854
245867
245869
245959
246039
246043
246045
246046
246061
246076
246087
246091
246093
246094
246101
246102
246105
246106
246108
246121
246122
246124
246151
246155
246157
246158
246165
246166
246169
246170
246172
246185
246186
246188
246211
246213
246214
246217
246218
246220
246228
246232
246248
246595
246597
246598
246601
246602
246604
246612
246616
246632
246721
246724
246855
246859
246861
246862
246867
246869
246870
246873
246874
246876
246883
246885
246886
246889
246890
246892
246897
246898
246900
246904
246919
246925
246931
246933
246934
246937
246938
246940
246947
246949
246950
246953
246954
246956
246961
246962
246964
246968
246979
246981
246982
246985
246986
246988
246993
246994
246996
247000
247009
247010
247012
247016
247024
247121
247122
247124
247128
247137
247138
247140
247144
247152
247185
247186
247188
247192
247201
247204
247216
247233
247234
247236
247240
247248
247264
247393
247394
247396
247400
247408
247441
247444
247472
247489
247490
247492
247496
247504
247520
247744
249025
249028
249040
250947
250949
250950
250953
250954
250956
250964
250968
250984
251011
251013
251014
251017
251018
251020
251028
251032
251048
251073
251074
251076
251080
251265
251266
251268
251272
251328
251521
251522
251524
251528
251584
251776
252097
252100
252104
252352
253120
394855
394859
394867
394870
394873
394874
394903
394907
394931
394933
394934
394937
394993
394994
395121
395122
395128
395155
395158
395161
395162
395185
395186
395188
395192
395233
395234
395248
395761
396209
396210
396212
396241
396242
396272
397871
397885
397886
397903
397911
397915
397917
397918
397931
397933
397934
397948
397967
397975
397979
397981
397982
397995
397997
397998
398012
398023
398027
398029
398030
398037
398038
398041
398042
398044
398057
398058
398060
398137
398138
398140
398163
398166
398169
398170
398179
398181
398182
398185
398186
398188
398194
398196
398200
398215
398219
398221
398222
398227
398229
398230
398233
398234
398236
398243
398245
398246
398249
398250
398252
398257
398258
398260
398264
398275
398277
398278
398281
398282
398284
398289
398290
398292
398296
398305
398306
398308
398312
398320
398947
398950
398953
398954
398961
398962
398968
398983
398987
398990
398995
398998
399001
399002
399011
399013
399014
399017
399018
399020
399025
399026
399028
399032
399073
399074
399080
399088
399216
399235
399238
399241
399242
399249
399250
399256
399265
399266
399268
399272
399280
399328
399503
399511
399515
399518
399527
399531
399533
399534
399539
399541
399542
399545
399546
399548
399587
399590
399593
399594
399601
399602
399608
399763
399766
399769
399770
399779
399781
399782
399785
399786
399788
399793
399794
399796
399800
399841
399842
399848
399856
400035
400037
400038
400041
400042
400044
400049
400050
400052
400056
400067
400070
400073
400074
400081
400082
400084
400088
400097
400098
400100
400104
400112
400304
400336
400352
401120
401695
401725
401743
401751
401755
401757
401758
401767
401771
401773
401774
401779
401781
401782
401785
401786
401788
401863
401867
401869
401870
401877
401878
401881
401884
401893
401900
402233
402234
402236
402247
402251
402253
402254
402259
402261
402262
402265
402266
402268
402275
402277
402278
402281
402282
402284
402289
402290
402292
402296
402323
402325
402326
402329
402330
402332
402339
402341
402342
402345
402353
402354
402356
402360
402371
402373
402374
402377
402378
402380
402385
402386
402388
402392
402401
402402
402404
402408
402416
402511
402519
402523
402525
402526
402535
402539
402541
402547
402549
402550
402553
402554
402556
402583
402587
402589
402611
402613
402614
402617
402643
402645
402646
402649
402673
402674
402676
402771
402773
402774
402777
402778
402780
402787
402789
402790
402793
402794
402796
402801
402802
402804
402808
402835
402837
402838
402841
402842
402844
402865
402866
402868
402872
402883
402885
402886
402889
402897
402898
402900
402904
402913
402914
402916
402920
402928
403043
403045
403046
403049
403057
403058
403060
403064
403091
403093
403094
403097
403121
403122
403124
403153
403154
403156
403184
403312
403345
403346
403348
403352
403376
403408
403424
403859
403861
403862
403865
403889
403890
403892
403921
403922
403924
403952
404400
404432
404944
405787
405789
405790
405803
405805
405806
405817
405818
405820
405831
405835
405837
405838
405845
405846
405849
405850
405852
405861
405862
405865
405866
405868
405876
405880
405895
405899
405901
405902
405907
405909
405910
405913
405914
405916
405923
405925
405926
405929
405930
405932
405937
405938
405940
405944
405955
405957
405958
405961
405962
405964
405969
405970
405972
405976
405985
405986
405988
405992
406000
406059
406061
406062
406073
406074
406076
406087
406091
406093
406094
406099
406101
406102
406105
406106
406108
406115
406117
406118
406121
406122
406124
406130
406132
406136
406151
406155
406157
406158
406163
406165
406166
406169
406170
406172
406179
406181
406182
406185
406186
406188
406193
406194
406196
406200
406211
406213
406214
406217
406218
406220
406225
406226
406228
406232
406241
406242
406244
406248
406256
406328
406339
406341
406342
406345
406346
406348
406354
406356
406360
406369
406370
406372
406376
406403
406405
406406
406409
406410
406412
406417
406418
406420
406424
406433
406434
406436
406440
406448
406465
406466
406468
406472
406480
406496
406599
406603
406605
406606
406611
406613
406614
406617
406618
406620
406627
406629
406630
406633
406634
406636
406641
406642
406644
406648
406663
406667
406669
406670
406675
406677
406678
406681
406682
406684
406691
406693
406694
406697
406698
406700
406705
406706
406708
406712
406723
406725
406726
406729
406730
406732
406737
406738
406740
406744
406753
406754
406756
406760
406768
406865
406866
406868
406872
406881
406882
406884
406888
406896
406915
406917
406918
406921
406922
406924
406929
406930
406932
406936
406945
406946
406948
406952
406960
406977
406978
406980
406984
406992
407008
407137
407138
407140
407144
407152
407171
407173
407174
407177
407178
407180
407185
407186
407188
407192
407201
407202
407204
407208
407216
407233
407234
407236
407240
407248
407264
407425
407426
407428
407432
407440
407456
407488
407687
407691
407693
407694
407699
407701
407702
407705
407706
407708
407715
407717
407718
407721
407722
407724
407729
407730
407732
407736
407747
407749
407750
407753
407754
407756
407761
407762
407764
407768
407777
407778
407780
407784
407792
407953
407954
407956
407960
407969
407970
407972
407976
407984
408001
408002
408004
408008
408016
408032
408225
408226
408228
408232
408240
408257
408258
408260
408264
408272
408288
408512
408769
408770
408772
408776
408784
408800
417823
417839
417847
417851
417853
417854
417895
417899
417913
417947
418071
418075
418078
418087
418091
418093
418094
418099
418101
418102
418105
418106
418108
418147
418150
418153
418154
418161
418162
418168
418183
418187
418195
418198
418201
418202
418211
418213
418214
418217
418218
418220
418225
418226
418228
418232
418273
418274
418280
418288
418343
418347
418349
418355
418357
418358
418361
418362
418364
418375
418379
418387
418389
418390
418393
418394
418396
418403
418405
418406
418409
418417
418418
418420
418424
418451
418453
418454
418457
418481
418482
418484
418513
418514
418516
418544
418609
418610
418612
418616
418641
418642
418648
418657
418658
418660
418664
418672
418705
418706
418708
418712
418721
418722
418724
418736
418753
418754
418768
418784
419425
419426
419440
419473
419474
419504
419728
420241
420242
420272
421903
421911
421915
421918
421927
421931
421933
421934
421939
421941
421942
421945
421946
421948
421987
421990
421993
421994
422001
422002
422008
422023
422027
422030
422035
422038
422041
422042
422051
422053
422054
422057
422058
422060
422065
422066
422068
422072
422113
422114
422120
422128
422163
422166
422169
422170
422179
422181
422182
422185
422186
422188
422193
422194
422196
422200
422241
422242
422248
422256
422275
422278
422281
422282
422289
422290
422296
422305
422306
422308
422312
422320
422368
422435
422437
422438
422441
422442
422444
422449
422450
422452
422456
422467
422470
422473
422474
422481
422482
422484
422488
422497
422498
422500
422504
422512
422531
422533
422534
422537
422538
422540
422545
422546
422548
422552
422561
422562
422564
422568
422576
422593
422594
422596
422600
422608
422624
422704
422736
422752
422785
422786
422788
422792
422800
422816
422848
423520
423553
423554
423560
423568
423584
423808
424067
424070
424073
424074
424081
424082
424088
424097
424098
424100
424104
424112
424160
424336
424352
424608
424640
430111
430127
430135
430139
430141
430142
430183
430187
430198
430231
430359
430363
430366
430375
430379
430381
430382
430387
430389
430390
430393
430394
430396
430435
430438
430441
430442
430449
430450
430456
430471
430475
430483
430486
430489
430490
430499
430501
430502
430505
430506
430508
430513
430514
430516
430520
430561
430562
430568
430576
430631
430635
430637
430643
430645
430646
430649
430650
430652
430663
430667
430675
430677
430678
430681
430682
430684
430691
430693
430694
430697
430705
430706
430708
430712
430739
430741
430742
430745
430769
430770
430772
430801
430802
430804
430832
430897
430898
430900
430904
430929
430930
430936
430945
430946
430948
430952
430960
430993
430994
430996
431000
431009
431010
431012
431024
431041
431042
431056
431072
431713
431714
431728
431761
431762
431792
432016
432529
432530
432560
438287
438295
438299
438301
438302
438311
438315
438317
438323
438325
438326
438329
438330
438332
438343
438347
438349
438355
438357
438358
438361
438362
438364
438371
438373
438374
438377
438385
438386
438388
438392
438419
438421
438422
438425
438449
438450
438452
438481
438482
438484
438512
438547
438549
438550
438553
438554
438556
438563
438565
438566
438569
438570
438572
438577
438578
438580
438584
438595
438597
438598
438601
438602
438604
438609
438610
438612
438616
438625
438626
438628
438632
438640
438659
438661
438662
438665
438673
438674
438676
438680
438689
438690
438692
438696
438704
438721
438722
438724
438728
438736
438752
438819
438821
438822
438825
438833
438834
438836
438840
438851
438853
438854
438857
438865
438866
438868
438872
438881
438882
438884
438896
438929
438930
438932
438960
438992
439088
439105
439106
439108
439112
439120
439136
439184
439200
439232
439363
439365
439366
439369
439377
439378
439380
439384
439393
439394
439396
439408
439441
439442
439444
439472
439504
439632
439648
439696
439744
439904
439952
440720
454663
454667
454675
454678
454681
454682
454691
454693
454694
454697
454705
454706
454708
454712
454753
454754
454768
454801
454802
454832
454929
454930
454936
454945
454946
454948
454952
454960
455008
455041
455042
455056
455072
455201
455202
455204
455216
455233
455234
455248
455264
455312
460656
460720
460768
461776
463704
463720
463747
463749
463750
463753
463754
463756
463764
463768
463784
463809
463810
463812
463816
464481
464482
464488
464496
464515
464518
464521
464522
464529
464530
464536
464545
464546
464548
464552
464560
464608
464769
464770
464776
464784
464800
465031
465035
465038
465043
465046
465049
465050
465059
465061
465062
465065
465066
465068
465073
465074
465076
465080
465121
465122
465128
465136
465297
465298
465304
465313
465314
465316
465320
465328
465376
465569
465570
465572
465576
465584
465601
465602
465608
465616
465632
467781
467782
467785
467786
467788
467796
467800
467812
467816
467905
467908
467912
468039
468043
468045
468046
468051
468053
468054
468057
468058
468060
468067
468069
468070
468073
468074
468076
468081
468082
468084
468088
468115
468117
468118
468121
468122
468124
468131
468133
468134
468137
468138
468140
468145
468146
468148
468152
468163
468165
468166
468169
468170
468172
468177
468178
468180
468184
468193
468194
468196
468200
468208
468305
468306
468308
468312
468321
468322
468324
468328
468336
468369
468370
468372
468376
468385
468386
468388
468392
468400
468417
468418
468420
468424
468432
468448
468577
468578
468580
468584
468592
468625
468626
468628
468632
468641
468642
468644
468648
468656
468673
468674
468676
468680
468688
468704
468880
468896
468928
469393
469394
469396
469400
469409
469410
469412
469416
469424
469441
469442
469444
469448
469456
469472
469665
469668
469680
469697
469698
469700
469704
469712
469728
469952
470209
470210
470212
470216
470224
470240
471596
471621
471622
471625
471626
471628
471640
471652
471656
471683
471685
471686
471689
471690
471692
471697
471698
471700
471704
471713
471714
471716
471720
471728
471745
471746
471748
471752
471760
471776
471876
471880
471937
471938
471940
471944
471952
471968
472000
472131
472133
472134
472137
472138
472140
472145
472146
472148
472152
472161
472162
472164
472168
472176
472195
472197
472198
472201
472202
472204
472209
472210
472212
472216
472225
472226
472228
472232
472240
472257
472258
472260
472264
472272
472288
472400
472416
472449
472450
472452
472456
472464
472480
472512
472672
472705
472706
472708
472712
472720
472736
472768
472960
473219
473221
473222
473225
473226
473228
473233
473234
473236
473240
473249
473250
473252
473256
473264
473281
473282
473284
473288
473296
473312
473488
473504
473536
473760
473792
474304
483603
483606
483609
483610
483619
483621
483622
483625
483626
483628
483633
483634
483636
483640
483681
483682
483688
483696
483715
483718
483721
483722
483729
483730
483736
483745
483746
483748
483752
483760
483808
483875
483877
483878
483881
483882
483884
483889
483890
483892
483896
483907
483910
483913
483914
483921
483922
483924
483928
483937
483938
483940
483944
483952
483971
483973
483974
483977
483978
483980
483985
483986
483988
483992
484001
484002
484004
484008
484016
484033
484034
484036
484040
484048
484064
484144
484176
484192
484225
484226
484228
484232
484240
484256
484288
484960
484993
484994
485000
485008
485024
485248
485507
485510
485513
485514
485521
485522
485528
485537
485538
485540
485544
485552
485600
485776
485792
486048
486080
487431
487435
487438
487443
487446
487449
487450
487459
487461
487462
487465
487466
487468
487480
487528
487561
487562
487697
487698
487704
487713
487714
487716
487720
487728
487776
487809
487810
487816
487824
487840
487969
487970
487972
487976
487984
488001
488002
488008
488016
488032
488065
488066
488068
488072
488080
488096
488128
488320
489088
489601
489602
489608
489616
489632
491799
491803
491806
491827
491829
491830
491833
491834
491836
491875
491878
491881
491882
491889
491890
491896
491923
491926
491929
491930
491953
491954
491956
491960
492001
492002
492008
492016
492337
492338
492340
492344
492369
492370
492376
492385
492386
492388
492392
492400
492433
492434
492436
492440
492464
492496
492512
493153
493154
493160
493168
493201
493202
493208
493232
493280
493456
493969
493970
493976
494000
494048
495891
495894
495897
495898
495907
495909
495910
495913
495914
495916
495921
495922
495924
495928
495969
495970
495976
495984
496003
496006
496009
496010
496017
496018
496024
496033
496034
496036
496040
496048
496096
496163
496165
496166
496169
496170
496172
496177
496178
496180
496184
496195
496198
496201
496202
496209
496210
496212
496216
496225
496226
496228
496232
496240
496259
496261
496262
496265
496266
496268
496273
496274
496276
496280
496289
496290
496292
496296
496304
496321
496322
496324
496328
496336
496352
496432
496464
496480
496513
496514
496516
496520
496528
496544
496576
497248
497281
497282
497288
497296
497312
497536
497795
497798
497801
497802
497809
497810
497816
497825
497826
497828
497832
497840
497888
498064
498080
498336
498368
499987
499989
499990
499993
499994
499996
500003
500005
500006
500009
500010
500012
500017
500018
500020
500024
500035
500037
500038
500041
500042
500044
500049
500050
500052
500056
500065
500066
500068
500072
500080
500099
500101
500102
500105
500106
500108
500113
500114
500116
500120
500129
500130
500132
500136
500144
500161
500162
500164
500168
500176
500192
500259
500261
500262
500265
500268
500273
500276
500291
500293
500294
500297
500298
500300
500305
500306
500308
500312
500321
500324
500357
500358
500372
500420
500528
500545
500546
500548
500552
500560
500576
500609
500610
500612
500616
500624
500640
500672
500803
500805
500806
500809
500810
500812
500817
500818
500820
500824
500833
500834
500836
500840
500848
500867
500869
500873
500881
500882
500884
500888
500897
500898
500900
500904
500912
500929
500930
500932
500936
500944
500960
501072
501088
501121
501122
501124
501136
501152
501184
501344
501377
501392
501408
501440
501891
501893
501905
502160
502176
502208
502464
502976
503815
503819
503821
503822
503827
503829
503830
503833
503834
503836
503843
503845
503846
503849
503850
503852
503860
503864
503877
503878
503881
503882
503884
503892
503908
503941
503942
503948
504081
504082
504084
504088
504097
504098
504100
504104
504112
504129
504130
504132
504136
504144
504160
504193
504194
504196
504200
504208
504224
504256
504353
504354
504356
504360
504368
504385
504386
504388
504392
504400
504416
504449
504450
504452
504456
504464
504480
504512
504640
504704
504897
504898
504900
504904
504912
504928
504961
504962
504964
504968
504976
504992
505024
505216
505472
505985
505986
505988
505992
506000
506016
506048
516103
516107
516110
516115
516118
516121
516122
516131
516133
516134
516137
516138
516140
516145
516193
516227
516233
516369
516370
516376
516385
516386
516388
516392
516400
516448
516481
516482
516488
516496
516512
516641
516642
516644
516648
516656
516673
516674
516680
516688
516704
516737
516738
516740
516744
516752
516768
516800
516992
517760
518273
518274
518280
518288
518304
520195
520198
520201
520202
520209
520210
520216
520225
520226
520228
520232
520240
520288
520321
520322
520328
520336
520352
520464
520480
520576
520736
520768
520832
522368
988768
988801
988802
988808
988816
988832
989056
989315
989318
989321
989322
989329
989330
989336
989345
989346
989348
989352
989360
989408
989584
989600
989856
989888
996160
996417
996418
996420
996424
996432
996448
996481
996484
996496
996512
996544
1007889
1007890
1007896
1007905
1007906
1007908
1007912
1007920
1007968
1008001
1008002
1008016
1008032
1008161
1008162
1008164
1008176
1008193
1008194
1008208
1008224
1008272
1011984
1012000
1012096
1012256
1012288
1012352
1013888
1044481
1447465
1447466
1447468
1447528
1447555
1447558
1447561
1447562
1447576
1447592
1447809
1447810
1447816
1447975
1447979
1447981
1447982
1447987
1447989
1447990
1447993
1447994
1447996
1448035
1448038
1448041
1448042
1448049
1448050
1448056
1448071
1448075
1448078
1448083
1448086
1448089
1448090
1448099
1448101
1448102
1448105
1448106
1448108
1448113
1448114
1448116
1448120
1448161
1448162
1448168
1448176
1448229
1448230
1448233
1448234
1448236
1448241
1448242
1448244
1448248
1448289
1448290
1448296
1448304
1448323
1448326
1448329
1448330
1448337
1448338
1448344
1448353
1448354
1448356
1448360
1448368
1448416
1448489
1448490
1448492
1448497
1448498
1448500
1448504
1448515
1448517
1448518
1448521
1448522
1448524
1448529
1448530
1448532
1448536
1448545
1448546
1448548
1448552
1448560
1448579
1448581
1448582
1448585
1448586
1448588
1448593
1448594
1448596
1448600
1448609
1448610
1448612
1448616
1448624
1448641
1448642
1448644
1448648
1448656
1448672
1448752
1448770
1448776
1448784
1448800
1448833
1448834
1448836
1448840
1448848
1448864
1448896
1449512
1449520
1449568
1449601
1449602
1449608
1449616
1449632
1449856
1452295
1452301
1452309
1452310
1452313
1452316
1452355
1452357
1452358
1452361
1452362
1452364
1452372
1452376
1452392
1452481
1452484
1452803
1452805
1452806
1452809
1452810
1452812
1452820
1452824
1452840
1452865
1452866
1452868
1452872
1452929
1452930
1452932
1452936
1452992
1453063
1453067
1453069
1453070
1453075
1453077
1453078
1453081
1453082
1453084
1453091
1453093
1453094
1453097
1453098
1453100
1453105
1453106
1453108
1453112
1453123
1453125
1453126
1453129
1453130
1453132
1453137
1453138
1453140
1453144
1453153
1453154
1453156
1453160
1453168
1453187
1453189
1453190
1453193
1453194
1453196
1453201
1453202
1453204
1453208
1453217
1453218
1453220
1453224
1453232
1453249
1453250
1453252
1453256
1453264
1453280
1453315
1453317
1453318
1453321
1453322
1453324
1453329
1453330
1453332
1453336
1453345
1453346
1453348
1453352
1453360
1453377
1453378
1453380
1453384
1453392
1453408
1453441
1453442
1453444
1453448
1453456
1453472
1453504
1453571
1453573
1453574
1453577
1453578
1453580
1453585
1453586
1453588
1453592
1453601
1453602
1453604
1453608
1453616
1453633
1453634
1453636
1453640
1453648
1453664
1453697
1453698
1453700
1453704
1453712
1453728
1453760
1453825
1453826
1453828
1453832
1453840
1453856
1453888
1453952
1457155
1457157
1457158
1457161
1457162
1457164
1457172
1457176
1457192
1457217
1457218
1457220
1457224
1457281
1457282
1457284
1457288
1457344
1457409
1457410
1457412
1457416
1457472
1457536
1457665
1457666
1457668
1457672
1457728
1457792
1457920
1468423
1468427
1468430
1468438
1468441
1468442
1468457
1468547
1468675
1468678
1468681
1468682
1468696
1468712
1468801
1468802
1468808
1468931
1468933
1468934
1468937
1468938
1468940
1468948
1468952
1468968
1468993
1468994
1468996
1469000
1469057
1469058
1469060
1469064
1469120
1469185
1469186
1469188
1469192
1469248
1469312
1469953
1469954
1469960
1469968
1469984
1470080
1470208
1474048
1474831
1474839
1474843
1474846
1474859
1474861
1474862
1474876
1474921
1474922
1474951
1474955
1474958
1474966
1474969
1474970
1474985
1474986
1474988
1475048
1475335
1475339
1475341
1475342
1475349
1475350
1475353
1475354
1475356
1475369
1475370
1475372
1475395
1475397
1475398
1475401
1475402
1475404
1475412
1475416
1475432
1475459
1475461
1475462
1475465
1475466
1475468
1475476
1475480
1475496
1475521
1475522
1475524
1475528
1476103
1476107
1476115
1476118
1476121
1476122
1476131
1476133
1476134
1476137
1476145
1476146
1476148
1476152
1476193
1476194
1476208
1476241
1476242
1476272
1476355
1476358
1476361
1476362
1476369
1476370
1476376
1476385
1476386
1476388
1476392
1476400
1476448
1476481
1476482
1476488
1476496
1476512
1476871
1476875
1476878
1476883
1476886
1476889
1476890
1476899
1476901
1476902
1476905
1476906
1476908
1476913
1476914
1476916
1476920
1476961
1476962
1476968
1476976
1476995
1476998
1477001
1477002
1477009
1477010
1477016
1477025
1477026
1477028
1477032
1477040
1477088
1477379
1477381
1477382
1477385
1477386
1477388
1477393
1477394
1477396
1477400
1477409
1477410
1477412
1477416
1477424
1477441
1477442
1477444
1477448
1477456
1477472
1477505
1477506
1477508
1477512
1477520
1477536
1477568
1478147
1478150
1478153
1478154
1478161
1478162
1478168
1478177
1478178
1478180
1478184
1478192
1478240
1478273
1478274
1478280
1478288
1478304
1478401
1478402
1478408
1478416
1478432
1478528
1480195
1480198
1480201
1480202
1480216
1480232
1480321
1480322
1480328
1480449
1480450
1480456
1480576
1480711
1480715
1480718
1480723
1480726
1480729
1480730
1480739
1480741
1480742
1480745
1480746
1480748
1480753
1480754
1480756
1480760
1480801
1480802
1480808
1480816
1480835
1480838
1480841
1480842
1480849
1480850
1480856
1480865
1480866
1480868
1480872
1480880
1480928
1480963
1480966
1480969
1480970
1480977
1480978
1480984
1480993
1480994
1480996
1481000
1481008
1481056
1481089
1481090
1481096
1481104
1481120
1481219
1481221
1481222
1481225
1481226
1481228
1481233
1481234
1481236
1481240
1481249
1481250
1481252
1481256
1481264
1481281
1481282
1481284
1481288
1481296
1481312
1481345
1481346
1481348
1481352
1481360
1481376
1481408
1481473
1481474
1481476
1481480
1481488
1481504
1481536
1481600
1482241
1482242
1482248
1482256
1482272
1482368
1482496
1485059
1485061
1485062
1485065
1485066
1485068
1485076
1485080
1485096
1485121
1485122
1485124
1485128
1485185
1485186
1485188
1485192
1485248
1485569
1485570
1485572
1485576
1485632
1485696
1485827
1485829
1485830
1485833
1485834
1485836
1485841
1485842
1485844
1485848
1485857
1485858
1485860
1485864
1485872
1485889
1485890
1485892
1485896
1485904
1485920
1485953
1485954
1485956
1485960
1485968
1485984
1486016
1486081
1486082
1486084
1486088
1486096
1486112
1486144
1486208
1486337
1486338
1486340
1486344
1486352
1486368
1486400
1486464
1486592
1489921
1489922
1489924
1489928
1489984
1490048
1490176
1490432
1501187
1501190
1501193
1501194
1501208
1501224
1501313
1501314
1501320
1501441
1501442
1501448
1501568
1501697
1501698
1501700
1501704
1501760
1501824
1501952
1502720
1513344
1513521
1513522
1513524
1513528
1513569
1513570
1513576
1513584
1513603
1513606
1513609
1513610
1513617
1513618
1513624
1513633
1513634
1513636
1513640
1513648
1513696
1513824
1513857
1513858
1513864
1513872
1513888
1514064
1514080
1514113
1514114
1514116
1514120
1514128
1514144
1514176
1514368
1515136
1518337
1518340
1518400
1518595
1518597
1518598
1518601
1518602
1518604
1518609
1518610
1518612
1518616
1518625
1518626
1518628
1518632
1518640
1518657
1518658
1518660
1518664
1518672
1518688
1518721
1518722
1518724
1518728
1518736
1518752
1518784
1518849
1518850
1518852
1518856
1518864
1518880
1518912
1518976
1519105
1519106
1519108
1519112
1519120
1519136
1519168
1519232
1519360
1522689
1522690
1522692
1522696
1522752
1522816
1522944
1523200
1534209
1534210
1534216
1534336
1534465
1534466
1534468
1534472
1534528
1534592
1534720
1535488
1540359
1540363
1540366
1540374
1540377
1540378
1540393
1540394
1540396
1540456
1540483
1540486
1540489
1540490
1540504
1540520
1540867
1540869
1540870
1540873
1540874
1540876
1540884
1540888
1540904
1540929
1540930
1540932
1540936
1540993
1540994
1540996
1541000
1541056
1541889
1541890
1541896
1541904
1541920
1542016
1542403
1542406
1542409
1542410
1542417
1542418
1542424
1542433
1542434
1542436
1542440
1542448
1542496
1542529
1542530
1542536
1542544
1542560
1542913
1542914
1542916
1542920
1542928
1542944
1542976
1543040
1543681
1543682
1543696
1543712
1543936
1545729
1545730
1545736
1545856
1545984
1546243
1546246
1546249
1546250
1546257
1546258
1546264
1546273
1546274
1546276
1546280
1546288
1546336
1546369
1546370
1546376
1546384
1546400
1546497
1546498
1546504
1546512
1546528
1546624
1546753
1546754
1546756
1546760
1546768
1546784
1546816
1546880
1547008
1547776
1550593
1550594
1550596
1550600
1550656
1550720
1551104
1551361
1551362
1551364
1551368
1551376
1551392
1551424
1551488
1551616
1551872
1555456
1566721
1566722
1566976
1567232
1579111
1579115
1579118
1579123
1579129
1579363
1579366
1579369
1579370
1579377
1579378
1579384
1579399
1579406
1579414
1579429
1579430
1579436
1579444
1579489
1579490
1579496
1579504
1579873
1579874
1579876
1579880
1579888
1579969
1579972
1579976
1580641
1580642
1580648
1580656
1580675
1580678
1580681
1580682
1580689
1580690
1580696
1580705
1580706
1580708
1580712
1580720
1580768
1580896
1580929
1580930
1580936
1580944
1580960
1582111
1582141
1582159
1582167
1582171
1582173
1582174
1582187
1582189
1582279
1582351
1582359
1582363
1582365
1582366
1582375
1582379
1582381
1582382
1582387
1582389
1582390
1582393
1582394
1582396
1582407
1582411
1582413
1582414
1582419
1582421
1582422
1582425
1582426
1582428
1582435
1582437
1582438
1582441
1582442
1582444
1582449
1582450
1582452
1582456
1582471
1582475
1582477
1582478
1582483
1582485
1582486
1582489
1582490
1582492
1582499
1582501
1582502
1582505
1582506
1582508
1582513
1582514
1582516
1582520
1582531
1582533
1582534
1582537
1582538
1582540
1582545
1582546
1582548
1582552
1582561
1582562
1582564
1582568
1582576
1582861
1582862
1582869
1582870
1582873
1582876
1582885
1582892
1582915
1582917
1582918
1582921
1582922
1582924
1582929
1582930
1582932
1582936
1582945
1582946
1582948
1582952
1582960
1583041
1583044
1583048
1584143
1584151
1584155
1584157
1584158
1584167
1584171
1584173
1584174
1584179
1584181
1584182
1584185
1584186
1584188
1584199
1584203
1584205
1584206
1584211
1584213
1584214
1584217
1584218
1584227
1584229
1584230
1584233
1584234
1584241
1584242
1584263
1584267
1584270
1584275
1584278
1584282
1584291
1584294
1584298
1584306
1584323
1584391
1584395
1584397
1584398
1584403
1584405
1584406
1584409
1584410
1584412
1584419
1584421
1584422
1584425
1584426
1584428
1584433
1584434
1584436
1584440
1584451
1584453
1584454
1584457
1584458
1584460
1584465
1584466
1584468
1584472
1584481
1584482
1584484
1584488
1584496
1584515
1584517
1584518
1584521
1584522
1584524
1584529
1584530
1584532
1584536
1584545
1584546
1584548
1584552
1584560
1584577
1584578
1584580
1584584
1584592
1584608
1584651
1584653
1584654
1584659
1584661
1584662
1584665
1584666
1584668
1584675
1584677
1584678
1584681
1584682
1584684
1584689
1584690
1584692
1584696
1584707
1584709
1584710
1584713
1584714
1584716
1584721
1584722
1584724
1584728
1584737
1584738
1584740
1584744
1584752
1584771
1584773
1584774
1584777
1584778
1584780
1584785
1584786
1584788
1584792
1584801
1584802
1584804
1584808
1584816
1584833
1584834
1584836
1584840
1584848
1584864
1584908
1584913
1584914
1584916
1584920
1584929
1584930
1584932
1584936
1584944
1584961
1584962
1584964
1584968
1584976
1584992
1585025
1585026
1585028
1585032
1585040
1585056
1585088
1588231
1588235
1588237
1588238
1588245
1588246
1588249
1588252
1588261
1588268
1588291
1588293
1588294
1588297
1588298
1588305
1588321
1588483
1588485
1588486
1588489
1588490
1588492
1588497
1588498
1588500
1588504
1588513
1588514
1588516
1588520
1588528
1588545
1588546
1588548
1588552
1588560
1588576
1588609
1588610
1588612
1588616
1588624
1588640
1588672
1588993
1588996
1589000
1589056
1598215
1598219
1598221
1598222
1598227
1598229
1598230
1598233
1598234
1598236
1598243
1598245
1598246
1598249
1598252
1598257
1598260
1598275
1598277
1598278
1598281
1598282
1598284
1598289
1598290
1598292
1598296
1598305
1598308
1598341
1598342
1598348
1598356
1598404
1598983
1598987
1598990
1598995
1598998
1599001
1599002
1599011
1599013
1599014
1599017
1599018
1599020
1599025
1599073
1599107
1599113
1599235
1599238
1599241
1599242
1599249
1599250
1599256
1599265
1599266
1599268
1599272
1599280
1599328
1599361
1599362
1599368
1599376
1599392
1599751
1599755
1599758
1599763
1599766
1599769
1599770
1599779
1599781
1599782
1599785
1599788
1599793
1599796
1599841
1599878
1600259
1600261
1600262
1600265
1600266
1600268
1600273
1600274
1600276
1600280
1600289
1600292
1600321
1600322
1600324
1600328
1600336
1600388
1601027
1601030
1601033
1601034
1601041
1601042
1601048
1601057
1601058
1601060
1601064
1601072
1601120
1601153
1601154
1601160
1601168
1601184
1601281
1601282
1601288
1601296
1601312
1601408
1602307
1602309
1602310
1602313
1602314
1602316
1602321
1602322
1602324
1602328
1602337
1602340
1602369
1602370
1602372
1602376
1602384
1602436
1603329
1603330
1603336
1603344
1603360
1603456
1603843
1603846
1603849
1603850
1603857
1603858
1603864
1603873
1603876
1604353
1604354
1604356
1604360
1604368
1604416
1605121
1605122
1605128
1605376
1632001
1632008
1634048
1644897
1644898
1644904
1644912
1644934
1644964
1645024
1645153
1645154
1645156
1645160
1645168
1645249
1645252
1645256
1645408
1645444
1645504
1646176
1646209
1646210
1646216
1646224
1646240
1646464
1647893
1647894
1647897
1647898
1647900
1647913
1647916
1647939
1647941
1647942
1647945
1647946
1647948
1647956
1647960
1647976
1648003
1648005
1648006
1648009
1648010
1648012
1648020
1648024
1648040
1648065
1648066
1648068
1648072
1648153
1648154
1648156
1648180
1648195
1648197
1648198
1648201
1648202
1648204
1648209
1648210
1648212
1648216
1648225
1648226
1648228
1648232
1648240
1648321
1648324
1648336
1648449
1648450
1648452
1648456
1648464
1648480
1648513
1648514
1648516
1648520
1648528
1648544
1648576
1649683
1649685
1649686
1649689
1649690
1649692
1649699
1649701
1649702
1649705
1649706
1649708
1649713
1649714
1649716
1649720
1649731
1649733
1649734
1649737
1649738
1649740
1649745
1649746
1649748
1649752
1649761
1649762
1649764
1649768
1649776
1649795
1649797
1649798
1649801
1649802
1649804
1649809
1649810
1649812
1649816
1649825
1649826
1649828
1649832
1649840
1649857
1649858
1649860
1649864
1649872
1649888
1649940
1649944
1649953
1649954
1649956
1649960
1649968
1649985
1649986
1649988
1649992
1650000
1650016
1650049
1650050
1650052
1650056
1650064
1650080
1650112
1650200
1650209
1650210
1650212
1650216
1650224
1650241
1650242
1650244
1650248
1650256
1650272
1650305
1650306
1650308
1650312
1650320
1650336
1650368
1650464
1650496
1650560
1651719
1651725
1651726
1651733
1651734
1651740
1651749
1651750
1651756
1651764
1651779
1651781
1651782
1651785
1651786
1651788
1651793
1651794
1651796
1651800
1651809
1651810
1651812
1651816
1651824
1651843
1651845
1651846
1651849
1651850
1651852
1651857
1651858
1651860
1651864
1651873
1651874
1651876
1651880
1651888
1651905
1651906
1651908
1651912
1651920
1651936
1651980
1651988
1652004
1652033
1652034
1652036
1652040
1652048
1652064
1652097
1652098
1652100
1652104
1652112
1652128
1652160
1652236
1652260
1652289
1652290
1652292
1652296
1652304
1652320
1652353
1652354
1652356
1652360
1652368
1652384
1652416
1652544
1652608
1652803
1652805
1652806
1652809
1652810
1652812
1652817
1652818
1652820
1652824
1652833
1652836
1652869
1652870
1652876
1652884
1652932
1653057
1653058
1653060
1653064
1653072
1653088
1653124
1653184
1653313
1653314
1653316
1653320
1653328
1653344
1653380
1653440
1653568
1653763
1653765
1653766
1653769
1653770
1653772
1653777
1653778
1653780
1653784
1653793
1653794
1653796
1653800
1653808
1653825
1653826
1653828
1653832
1653840
1653856
1653889
1653890
1653892
1653896
1653904
1653920
1653952
1654017
1654018
1654020
1654024
1654032
1654048
1654080
1654144
1654273
1654274
1654276
1654280
1654288
1654304
1654336
1654400
1654528
1663495
1663499
1663501
1663502
1663507
1663509
1663510
1663513
1663514
1663516
1663523
1663525
1663526
1663529
1663530
1663532
1663540
1663544
1663557
1663558
1663561
1663562
1663564
1663572
1663588
1663621
1663622
1663628
1663747
1663749
1663750
1663753
1663754
1663756
1663761
1663762
1663764
1663768
1663777
1663778
1663780
1663784
1663792
1663809
1663810
1663812
1663816
1663824
1663840
1663873
1663874
1663876
1663880
1663888
1663904
1663936
1664515
1664518
1664521
1664522
1664529
1664530
1664536
1664545
1664546
1664548
1664552
1664560
1664608
1664641
1664642
1664648
1664656
1664672
1664769
1664770
1664776
1664784
1664800
1664896
1665283
1665286
1665289
1665290
1665297
1665298
1665304
1665313
1665314
1665316
1665320
1665328
1665376
1665409
1665410
1665416
1665424
1665440
1665539
1665541
1665542
1665545
1665546
1665548
1665553
1665554
1665556
1665560
1665569
1665570
1665572
1665576
1665584
1665601
1665602
1665604
1665608
1665616
1665632
1665665
1665666
1665668
1665672
1665680
1665696
1665728
1665793
1665794
1665796
1665800
1665808
1665824
1665856
1665920
1666561
1666562
1666568
1666576
1666592
1666688
1666816
1667587
1667589
1667590
1667593
1667594
1667596
1667601
1667602
1667604
1667608
1667617
1667618
1667620
1667624
1667632
1667649
1667650
1667652
1667656
1667664
1667680
1667713
1667714
1667716
1667720
1667728
1667744
1667776
1667841
1667842
1667844
1667848
1667856
1667872
1667904
1667968
1668609
1668610
1668616
1668624
1668640
1668736
1668864
1669123
1669126
1669129
1669130
1669137
1669138
1669144
1669153
1669154
1669156
1669160
1669168
1669216
1669249
1669250
1669256
1669264
1669280
1669377
1669378
1669384
1669392
1669408
1669504
1669633
1669634
1669636
1669640
1669648
1669664
1669696
1669760
1669888
1670656
1672963
1672966
1672969
1672970
1672977
1672978
1672984
1672993
1672994
1672996
1673000
1673008
1673056
1673089
1673090
1673096
1673104
1673120
1673479
1673483
1673491
1673494
1673497
1673498
1673507
1673509
1673510
1673513
1673521
1673522
1673524
1673528
1673569
1673570
1673584
1673617
1673618
1673648
1673987
1673989
1673990
1673993
1673994
1673996
1674001
1674002
1674004
1674008
1674017
1674020
1674024
1674032
1674049
1674050
1674052
1674056
1674064
1674080
1674113
1674114
1674116
1674120
1674128
1674144
1674176
1675009
1675010
1675016
1675024
1675040
1675136
1675527
1675534
1675542
1675557
1675558
1675564
1675624
1675657
1675658
1676037
1676038
1676044
1676052
1676068
1676097
1676098
1676100
1676104
1676112
1676128
1676164
1676168
1676224
1676803
1676806
1676809
1676810
1676817
1676818
1676824
1676833
1676834
1676836
1676840
1676848
1676896
1676929
1676930
1676936
1676944
1676960
1677057
1677058
1677064
1677072
1677088
1677184
1677319
1677323
1677326
1677331
1677334
1677337
1677338
1677347
1677349
1677350
1677353
1677354
1677356
1677361
1677409
1677443
1677449
1677571
1677574
1677577
1677578
1677585
1677586
1677592
1677601
1677602
1677604
1677608
1677616
1677664
1677697
1677698
1677704
1677712
1677728
1677827
1677829
1677830
1677833
1677834
1677836
1677841
1677842
1677844
1677848
1677857
1677860
1677864
1677872
1677889
1677890
1677892
1677896
1677904
1677920
1677953
1677954
1677956
1677960
1677968
1678016
1678081
1678084
1678088
1678096
1678144
1678208
1678849
1678850
1678856
1678864
1678880
1678976
1679104
1680133
1680134
1680140
1680148
1680164
1680193
1680194
1680196
1680200
1680208
1680224
1680260
1680264
1680320
1680391
1680395
1680397
1680398
1680403
1680405
1680406
1680409
1680410
1680412
1680419
1680421
1680422
1680425
1680426
1680433
1680434
1680436
1680451
1680453
1680454
1680457
1680465
1680466
1680481
1680515
1680517
1680529
1680643
1680645
1680646
1680649
1680650
1680652
1680657
1680658
1680660
1680664
1680673
1680674
1680676
1680680
1680688
1680705
1680706
1680708
1680712
1680720
1680736
1680769
1680770
1680772
1680776
1680784
1680800
1680832
1680899
1680901
1680902
1680905
1680906
1680908
1680913
1680914
1680916
1680920
1680929
1680930
1680932
1680936
1680944
1680961
1680962
1680964
1680968
1680976
1680992
1681025
1681026
1681028
1681032
1681040
1681056
1681088
1681153
1681154
1681156
1681160
1681168
1681184
1681216
1681280
1681669
1681670
1681673
1681676
1681681
1681682
1681684
1681688
1681700
1681712
1681729
1681730
1681732
1681736
1681744
1681760
1681793
1681794
1681796
1681800
1681808
1681824
1681856
1682180
1682240
1682435
1682437
1682438
1682441
1682442
1682444
1682449
1682450
1682452
1682456
1682465
1682466
1682468
1682472
1682480
1682497
1682498
1682500
1682504
1682512
1682528
1682561
1682562
1682564
1682568
1682576
1682592
1682624
1682689
1682690
1682692
1682696
1682704
1682720
1682752
1682816
1682945
1682946
1682948
1682952
1682960
1682976
1683008
1683072
1683200
1683717
1683718
1683724
1683732
1683748
1683777
1683778
1683780
1683784
1683792
1683808
1683844
1683848
1683904
1684228
1684288
1684483
1684485
1684486
1684489
1684490
1684492
1684497
1684498
1684500
1684504
1684513
1684514
1684516
1684520
1684528
1684545
1684546
1684548
1684552
1684560
1684576
1684609
1684610
1684612
1684616
1684624
1684640
1684672
1684737
1684738
1684740
1684744
1684752
1684768
1684800
1684864
1684993
1684994
1684996
1685000
1685008
1685024
1685056
1685120
1685248
1685509
1685510
1685513
1685514
1685516
1685521
1685522
1685524
1685528
1685540
1685552
1685569
1685570
1685572
1685576
1685584
1685600
1685633
1685636
1685640
1685648
1685696
1685764
1685768
1685776
1685824
1685888
1686020
1686080
1686529
1686530
1686532
1686536
1686544
1686560
1686592
1686656
1686784
1687040
1696003
1696006
1696009
1696010
1696017
1696018
1696024
1696033
1696034
1696036
1696040
1696048
1696096
1696129
1696130
1696136
1696144
1696160
1696259
1696261
1696262
1696265
1696266
1696268
1696273
1696274
1696276
1696280
1696289
1696290
1696292
1696296
1696304
1696321
1696322
1696324
1696328
1696336
1696352
1696385
1696386
1696388
1696392
1696400
1696416
1696448
1696513
1696514
1696516
1696520
1696528
1696544
1696576
1696640
1697281
1697282
1697288
1697296
1697312
1697408
1697536
1698049
1698050
1698056
1698064
1698080
1698176
1698305
1698306
1698308
1698312
1698320
1698336
1698368
1698432
1698560
1699328
1700097
1700098
1700104
1700112
1700128
1700224
1700353
1700354
1700356
1700360
1700368
1700384
1700416
1700480
1700608
1701376
1701889
1701890
1701896
1701904
1701920
1702016
1702144
1702400
1777024
1777280
1779520
1781056
1781120
1781312
1781376
1784896
1788704
1788800
1789472
1790752
1790848
1791520
1791616
1792288
1792384
1792528
1792544
1792576
1792640
1793056
1794817
1794818
1794820
1794824
1794832
1794848
1794880
1794944
1795329
1795330
1795332
1795336
1795344
1795360
1795392
1795456
1795585
1795586
1795588
1795592
1795600
1795616
1795648
1795712
1795840
1796353
1796354
1796356
1796360
1796368
1796384
1796416
1796480
1796609
1796610
1796612
1796616
1796624
1796640
1796672
1796736
1796864
1797121
1797122
1797124
1797128
1797136
1797152
1797184
1797248
1797376
1797632
1798657
1798658
1798660
1798664
1798912
1799169
1799170
1799172
1799176
1799184
1799200
1799232
1799296
1799424
1799680
1800193
1800194
1800196
1800200
1800208
1800224
1800256
1800320
1800448
1800704
1801216
1819393
1819396
1819400
1819456
1820161
1820162
1820164
1820168
1820176
1820192
1820224
1820288
1820416
1820929
1820930
1820932
1820936
1820944
1820960
1820992
1821056
1821185
1821186
1821188
1821200
1821440
1821952
1822208
1824000
1824256
1824769
1824772
1824776
1825024
1825792
1827841
1827844
1828096
1829888
1973888
1977664
1979968
1980032
1980736
1981472
1981504
1981568
1991425
1991426
1991428
1991432
1991440
1991456
1991488
1991552
1992193
1992194
1992200
1992208
1992224
1992320
1992448
1992961
1992962
1992968
1992976
1992992
1993088
1993217
1993218
1993220
1993232
1993472
1994240
1995520
1996288
1996801
1996802
1996808
1997056
1997312
2000641
2000642
2000656
2000672
2002688
2003713
2003714
2003716
2003720
2003728
2003744
2003776
2003840
2004481
2004482
2004488
2004496
2004512
2004608
2004736
2005249
2005250
2005256
2005264
2005280
2005376
2005505
2005506
2005508
2005512
2005520
2005568
2005760
2006528
2008321
2008322
2008324
2008328
2008336
2008352
2008384
2008448
2008832
2009856
2010368
2010624
2011904
2012161
2012162
2012164
2012168
2012416
2012672
2013440
2013696
2014208
2023681
2023682
2023688
2024192
2024960
2025728
2025984
2027776
2028032
2029568
2057728
2058496
2070016
2070784
2073856
3947521
3947524
3955201
3955202
3955208
3955456
3956224
3959041
3959042
3959044
3959048
3959552
3960064
3982081
3983104
4024576
4036096
6908161
6908162
6908672
6919681
6919936
18224769
18224770
18224776
18225024
18225283
18225286
18225289
18225290
18225297
18225298
18225304
18225313
18225314
18225316
18225320
18225328
18225376
18225552
18225568
18225824
18225856
18229379
18229381
18229382
18229385
18229388
18229396
18229400
18229441
18229442
18229444
18229448
18229696
18229952
18230464
18245761
18245762
18245768
18251791
18251799
18251803
18251806
18251819
18251821
18251822
18251836
18251881
18251882
18251911
18251915
18251918
18251926
18251929
18251930
18251945
18251948
18252008
18252054
18252057
18252058
18252073
18252074
18252076
18252136
18252163
18252166
18252169
18252170
18252184
18252200
18252329
18252332
18252355
18252358
18252361
18252362
18252372
18252376
18252392
18252419
18252421
18252422
18252425
18252428
18252436
18252440
18252481
18252482
18252484
18252488
18252673
18252674
18252676
18252680
18252736
18253408
18253441
18253442
18253448
18253456
18253472
18253696
18253955
18253958
18253961
18253969
18253970
18253976
18253985
18253988
18254000
18254048
18254224
18254240
18254528
18257536
18258049
18258050
18258056
18258064
18258080
18262145
18262148
18262208
18278528
18290817
18290818
18290824
18290832
18290848
18294913
18294916
18294976
18317319
18317323
18317326
18317334
18317337
18317338
18317353
18317356
18317443
18317446
18317449
18317464
18317592
18317608
18317697
18317698
18317704
18317889
18317890
18317896
18317953
18317956
18318016
18318208
18318976
18319489
18319504
18323584
18356449
18356450
18356456
18356464
18356704
18356929
18356930
18356936
18356944
18356960
18359367
18359371
18359373
18359374
18359381
18359382
18359385
18359386
18359388
18359401
18359402
18359404
18359431
18359435
18359437
18359438
18359445
18359446
18359449
18359450
18359452
18359465
18359466
18359468
18359491
18359493
18359494
18359497
18359498
18359500
18359508
18359512
18359528
18359633
18359634
18359636
18359640
18359649
18359650
18359652
18359656
18359664
18359685
18359686
18359689
18359690
18359692
18359697
18359698
18359700
18359704
18359716
18359720
18359728
18359745
18359746
18359748
18359752
18359760
18359776
18359905
18359906
18359908
18359912
18359920
18359941
18359942
18359948
18359956
18359960
18359972
18359976
18359984
18360001
18360002
18360004
18360008
18360016
18360032
18360256
18360515
18360517
18360518
18360521
18360522
18360524
18360529
18360530
18360532
18360536
18360545
18360546
18360548
18360552
18360560
18360769
18360770
18360772
18360776
18360784
18360800
18361025
18361026
18361028
18361032
18361040
18361056
18361280
18361537
18361538
18361540
18361544
18361552
18361568
18363459
18363461
18363462
18363465
18363466
18363468
18363473
18363474
18363476
18363480
18363489
18363490
18363492
18363496
18363504
18363525
18363526
18363529
18363530
18363532
18363540
18363544
18363556
18363560
18363585
18363586
18363588
18363592
18363600
18363616
18363728
18363744
18363780
18363784
18363840
18364000
18364036
18364040
18364096
18364609
18364610
18364612
18364616
18364624
18364640
18364864
18365120
18365632
18374671
18374679
18374683
18374686
18374695
18374699
18374701
18374702
18374707
18374709
18374710
18374713
18374714
18374716
18374755
18374758
18374761
18374762
18374769
18374770
18374776
18374791
18374795
18374798
18374803
18374806
18374809
18374810
18374819
18374821
18374822
18374825
18374826
18374828
18374833
18374834
18374836
18374840
18374881
18374882
18374888
18374931
18374934
18374937
18374938
18374947
18374949
18374950
18374953
18374954
18374956
18374961
18374962
18374964
18374968
18375009
18375010
18375016
18375024
18375043
18375046
18375049
18375050
18375057
18375058
18375064
18375073
18375074
18375076
18375080
18375088
18375136
18375203
18375205
18375206
18375209
18375210
18375212
18375217
18375218
18375220
18375224
18375235
18375238
18375241
18375242
18375249
18375250
18375252
18375256
18375265
18375266
18375268
18375272
18375280
18375299
18375301
18375302
18375305
18375306
18375308
18375313
18375314
18375316
18375320
18375329
18375330
18375332
18375336
18375344
18375361
18375362
18375364
18375368
18375376
18375392
18375472
18375504
18375520
18375553
18375554
18375556
18375560
18375568
18375584
18375616
18376288
18376321
18376322
18376328
18376336
18376352
18376576
18376835
18376838
18376841
18376842
18376849
18376850
18376856
18376865
18376866
18376868
18376872
18376880
18376928
18377104
18377120
18377408
18378759
18378763
18378766
18378771
18378774
18378777
18378778
18378787
18378789
18378790
18378793
18378794
18378796
18378801
18378802
18378804
18378808
18378849
18378850
18378856
18378883
18378886
18378889
18378890
18378897
18378898
18378904
18378913
18378914
18378916
18378920
18379025
18379026
18379032
18379041
18379042
18379044
18379048
18379056
18379104
18379137
18379138
18379144
18379152
18379168
18379297
18379298
18379300
18379304
18379312
18379329
18379330
18379336
18379344
18379360
18379393
18379394
18379396
18379400
18379408
18379456
18379648
18380929
18380930
18380936
18380944
18382879
18382895
18382909
18382910
18382951
18382955
18382958
18382963
18382966
18382969
18382970
18382991
18382999
18383006
18383015
18383021
18383022
18383029
18383030
18383036
18383075
18383078
18383081
18383082
18383089
18383096
18383134
18383149
18383150
18383164
18383203
18383206
18383209
18383210
18383217
18383218
18383224
18383239
18383246
18383254
18383269
18383270
18383276
18383284
18383329
18383330
18383336
18383344
18383405
18383406
18383420
18383431
18383435
18383438
18383443
18383445
18383446
18383449
18383450
18383452
18383459
18383461
18383462
18383465
18383466
18383468
18383473
18383476
18383480
18383495
18383501
18383502
18383509
18383510
18383516
18383525
18383526
18383532
18383540
18383555
18383557
18383558
18383561
18383562
18383564
18383569
18383570
18383572
18383576
18383585
18383586
18383588
18383592
18383600
18383697
18383698
18383704
18383713
18383714
18383716
18383720
18383728
18383749
18383750
18383756
18383764
18383780
18383809
18383810
18383812
18383816
18383824
18383840
18384481
18384482
18384488
18384496
18384515
18384518
18384521
18384522
18384529
18384530
18384536
18384545
18384546
18384548
18384552
18384560
18384608
18384769
18384770
18384776
18384784
18384800
18385031
18385038
18385046
18385061
18385062
18385068
18385076
18385121
18385122
18385128
18385136
18385316
18385376
18385572
18385601
18385602
18385608
18385616
18385632
18386959
18386974
18386989
18386990
18387004
18387043
18387046
18387049
18387050
18387057
18387064
18387079
18387086
18387094
18387109
18387110
18387116
18387169
18387176
18387244
18387297
18387298
18387304
18387312
18387334
18387364
18387424
18387500
18387523
18387526
18387529
18387530
18387537
18387538
18387540
18387544
18387553
18387556
18387560
18387589
18387590
18387596
18387604
18387620
18387649
18387650
18387652
18387656
18387664
18387680
18387792
18387808
18387844
18387904
18388576
18388609
18388610
18388616
18388624
18388640
18388864
18389126
18389156
18389696
18391055
18391069
18391070
18391085
18391086
18391100
18391111
18391115
18391117
18391118
18391125
18391126
18391129
18391130
18391132
18391141
18391142
18391145
18391146
18391148
18391156
18391160
18391175
18391181
18391182
18391189
18391190
18391196
18391205
18391206
18391212
18391220
18391235
18391237
18391238
18391241
18391242
18391244
18391249
18391252
18391256
18391265
18391268
18391272
18391324
18391340
18391363
18391365
18391366
18391369
18391370
18391372
18391377
18391378
18391380
18391384
18391393
18391396
18391400
18391429
18391430
18391436
18391444
18391460
18391489
18391490
18391492
18391496
18391504
18391520
18391596
18391621
18391622
18391625
18391626
18391628
18391636
18391640
18391652
18391656
18391685
18391686
18391692
18391700
18391716
18391745
18391746
18391748
18391752
18391760
18391873
18391874
18391876
18391880
18391888
18391940
18392000
18392131
18392133
18392134
18392137
18392138
18392140
18392145
18392146
18392148
18392152
18392161
18392162
18392164
18392168
18392176
18392195
18392197
18392198
18392201
18392202
18392204
18392209
18392210
18392212
18392216
18392225
18392226
18392228
18392232
18392240
18392257
18392258
18392264
18392288
18392400
18392416
18392449
18392450
18392452
18392456
18392464
18392480
18392512
18392672
18392705
18392706
18392708
18392712
18392720
18392736
18392768
18392960
18393221
18393222
18393228
18393236
18393252
18393281
18393282
18393288
18393296
18393536
18393792
18395149
18395150
18395164
18395180
18395205
18395206
18395209
18395210
18395212
18395224
18395236
18395240
18395269
18395270
18395276
18395284
18395300
18395329
18395336
18395457
18395458
18395460
18395464
18395472
18395524
18395584
18395716
18395720
18395780
18395968
18396225
18396226
18396228
18396232
18396256
18396289
18396290
18396292
18396296
18396320
18397316
18407431
18407435
18407438
18407443
18407446
18407449
18407450
18407459
18407461
18407462
18407465
18407466
18407468
18407473
18407476
18407480
18407521
18407528
18407555
18407558
18407561
18407562
18407569
18407576
18407585
18407588
18407697
18407698
18407704
18407713
18407714
18407716
18407720
18407728
18407776
18407809
18407810
18407816
18407824
18407840
18407969
18407972
18408001
18408002
18408008
18408016
18408065
18408068
18409601
18411523
18411526
18411529
18411530
18411537
18411544
18411553
18411560
18411649
18411656
18411792
18422464
18425280
18425536
18426304
18426560
18427072
18428996
18429000
18429060
18429120
18430144
18440465
18440466
18440472
18440481
18440482
18440484
18440488
18440496
18440544
18440577
18440578
18440584
18440592
18440608
18440737
18440738
18440740
18440744
18440752
18440769
18440770
18440776
18440784
18440800
18440833
18440834
18440836
18440840
18440848
18440864
18440896
18441088
18441856
18442369
18442370
18442376
18442384
18442400
18444291
18444294
18444297
18444298
18444305
18444306
18444312
18444321
18444322
18444324
18444328
18444417
18444418
18444424
18444576
18444672
18444832
18444864
18444928
18446464
18448486
18448489
18448490
18448504
18448519
18448526
18448534
18448549
18448550
18448556
18448564
18448609
18448744
18448774
18448804
18448864
18448966
18448969
18448970
18448984
18448996
18449000
18449029
18449030
18449036
18449044
18449060
18449089
18449090
18449092
18449096
18449104
18449284
18449344
18450016
18450049
18450050
18450056
18450064
18450080
18450304
18450566
18450596
18450656
18451136
18452584
18452614
18452644
18453064
18453124
18453184
18454144
18456645
18456646
18456649
18456650
18456652
18456660
18456664
18456676
18456680
18456709
18456710
18456716
18456724
18456740
18456772
18456776
18456900
18456904
18456964
18457024
18457156
18457160
18457220
18457665
18457666
18457668
18457672
18457680
18457696
18457729
18457730
18457732
18457736
18457744
18457760
18457792
18457984
18458240
18458756
18458816
18460740
18460744
18460804
18461760
18461824
18472963
18472966
18472969
18472970
18472977
18472978
18472984
18472993
18472994
18472996
18473000
18473089
18473090
18473096
18473232
18473248
18473344
18473504
18473536
18473600
18477057
18477058
18477064
18488000
18491072
18491840
18492608
18494536
18494656
18495680
18502177
18502178
18502180
18502184
18502273
18502274
18502276
18502280
18502304
18502528
18503296
18503809
18503810
18503816
18503824
18503840
18506001
18506002
18506004
18506008
18506017
18506018
18506020
18506024
18506032
18506049
18506050
18506052
18506056
18506064
18506080
18506113
18506114
18506116
18506120
18506128
18506144
18506176
18506273
18506276
18506288
18506305
18506306
18506308
18506312
18506320
18506336
18506369
18506372
18506384
18506432
18506560
18506624
18506817
18506818
18506820
18506824
18506832
18506848
18506881
18506882
18506884
18506888
18506896
18506912
18506944
18507136
18507392
18507905
18507908
18507920
18507968
18510112
18510144
18510208
18510400
18510912
18510976
18513991
18513995
18513998
18514005
18514006
18514009
18514010
18514012
18514021
18514022
18514025
18514028
18514036
18514076
18514118
18514122
18514136
18514148
18514245
18514246
18514249
18514250
18514252
18514260
18514264
18514276
18514280
18514316
18514372
18514376
18514501
18514502
18514505
18514506
18514508
18514516
18514520
18514532
18514628
18514632
18514756
18514760
18515011
18515014
18515018
18515025
18515026
18515032
18515041
18515042
18515044
18515048
18515056
18515075
18515078
18515082
18515089
18515090
18515092
18515096
18515105
18515106
18515108
18515112
18515120
18515138
18515168
18515280
18515296
18515329
18515330
18515332
18515336
18515344
18515360
18515392
18515552
18515585
18515586
18515588
18515592
18515600
18515616
18515648
18515840
18516116
18516162
18516176
18516192
18516416
18516672
18518085
18518086
18518089
18518090
18518092
18518100
18518104
18518116
18518156
18518212
18518216
18518340
18518344
18518596
18518600
18519105
18519106
18519108
18519112
18519120
18519136
18519169
18519170
18519172
18519176
18519184
18519200
18519232
18519424
18519680
18520196
18520256
18522181
18522182
18522188
18522196
18522212
18522308
18522312
18522436
18522440
18522692
18523201
18523202
18523204
18523208
18523216
18523232
18523265
18523266
18523268
18523272
18523280
18523296
18523328
18523520
18523776
18524352
18526276
18527296
18527360
18530311
18530315
18530318
18530323
18530325
18530326
18530329
18530330
18530339
18530341
18530342
18530345
18530348
18530353
18530356
18530360
18530371
18530374
18530378
18530385
18530401
18530404
18530408
18530435
18530438
18530449
18530465
18530468
18530577
18530578
18530580
18530584
18530593
18530594
18530596
18530600
18530608
18530625
18530626
18530640
18530656
18530689
18530690
18530692
18530696
18530704
18530720
18530752
18530849
18530852
18530881
18530882
18530884
18530888
18530896
18530912
18530945
18530948
18531008
18531136
18531200
18531394
18531424
18531458
18531488
18531968
18532496
18534403
18534405
18534406
18534409
18534410
18534412
18534417
18534420
18534424
18534433
18534436
18534440
18534465
18534468
18534472
18534529
18534532
18534536
18534672
18534720
18534784
18534976
18535552
18538499
18538501
18538502
18538505
18538508
18538513
18538516
18538520
18538529
18538532
18538561
18538564
18538568
18538625
18538628
18538768
18538816
18538880
18539584
18539648
18542593
18542596
18571840
18579526
18579780
18580036
18580546
18580576
18580610
18580624
18580640
18580864
18587716
18595843
18595846
18595850
18595857
18595858
18595873
18595876
18595906
18595970
18596128
18596224
18596416
18599937
18599944
18604033
18604036
18768448
18776071
18776083
18776086
18776089
18776101
18776116
18776161
18776209
18776337
18776338
18776344
18776353
18776356
18776368
18776416
18776449
18776464
18776641
18776642
18776648
18776656
18776672
18776768
18780163
18780166
18780169
18780170
18780177
18780178
18780184
18780193
18780196
18780200
18780289
18780290
18780296
18780544
18780736
18784261
18784276
18784321
18784322
18784324
18784576
18784832
18788353
18788356
18788360
18800641
18800642
18841617
18842176
18845697
18845704
19675201
19675204
19675328
19679747
19679750
19679753
19679761
19679762
19679768
19679777
19679780
19679792
19679840
19679873
19679888
19680001
19680016
19680032
19680064
19680769
19680784
19683331
19683333
19683334
19683337
19683338
19683345
19683346
19683348
19683352
19683361
19683362
19683364
19683368
19683376
19683393
19683394
19683408
19683424
19683457
19683458
19683472
19683488
19683585
19683600
19683616
19683648
19683841
19683844
19683856
19683872
19683904
19684353
19684368
19684384
19686145
19686148
19686176
19686208
19686403
19686405
19686406
19686409
19686418
19686424
19686433
19686436
19686529
19686657
19686660
19686688
19686720
19686913
19686928
19687427
19687429
19687430
19687433
19687441
19687442
19687444
19687448
19687457
19687460
19687472
19687489
19687490
19687504
19687553
19687568
19687681
19687684
19687696
19687712
19687744
19687937
19687952
19688449
19688464
19689985
19689988
19690048
19690497
19690500
19691521
19691524
19691536
19709959
19709971
19709974
19709978
19709987
19709990
19709993
19709996
19710002
19710008
19710019
19710034
19710050
19710083
19710098
19710226
19710232
19710241
19710244
19710274
19710368
19710481
19710484
19710512
19710529
19710530
19710544
19710560
19710593
19710608
19710784
19714051
19714054
19714058
19714066
19714082
19714088
19714114
19714178
19714561
19714564
19714576
19716097
19752961
19752964
19752976
19763266
19763776
19775491
19775506
19775522
19776001
20736001
20736002
20742166
20742211
20742406
20742466
20742676
20742721
20742722
20742724
20742728
20742848
20742976
20743171
20743186
20743202
20743208
20743681
20743696
20743712
20743744
20744464
20744768
20745248
20748289
20758531
20758786
20759041
20808256
20873792
20874272
23619587
23619590
23619593
23619608
23619713
23619841
23619842
23620097
23625751
23625878
23626006
23626261
23626262
23626324
23626388
23626516
23627281
23627282
23627312
23627408
23627536
23627828
23628049
23628050
23628080
23628176
23628560
23631361
23631875
23631878
23631881
23631889
23631908
23632001
23632129
23632144
23636033
23636225
23636228
23652353
23697409
23757872
23761921
23773441
23773442
25334851
25334853
25334854
25334857
25334872
25334888
25334977
25334978
25334984
25335232
25336912
25351234
25400386
25400392
25400896
25596436
25596440
25596481
25596482
25596608
25597969
25597970
26646529
26780678
26780738
106991627
106991657
